function F=shammas_fsolve(x)
F(1)=24.9047+0.1263*x(1)-0.93333*x(2);
F(2)= -11.694+0.568*x(1)-(4.533*10^-6)*x(2);

end

